0.000000000000000000e+00	7.000000000000000000e+00	1.000000000000000000e+00	2.233492220209086110e+00
0.000000000000000000e+00	8.000000000000000000e+00	1.000000000000000000e+00	2.157257378041157470e+00
1.000000000000000000e+00	2.000000000000000000e+00	1.000000000000000000e+00	2.266607760579069542e+00
2.000000000000000000e+00	8.000000000000000000e+00	1.000000000000000000e+00	1.673139238565570786e+00
2.000000000000000000e+00	9.000000000000000000e+00	1.000000000000000000e+00	1.732625909303266099e+00
3.000000000000000000e+00	9.000000000000000000e+00	1.000000000000000000e+00	2.251897748688038270e+00
3.000000000000000000e+00	1.000000000000000000e+01	1.000000000000000000e+00	2.464618434338273545e+00
3.000000000000000000e+00	1.100000000000000000e+01	1.000000000000000000e+00	2.338284063095162679e+00
4.000000000000000000e+00	1.100000000000000000e+01	1.000000000000000000e+00	2.181887035491519189e+00
4.000000000000000000e+00	1.200000000000000000e+01	1.000000000000000000e+00	2.367768907446413884e+00
5.000000000000000000e+00	1.200000000000000000e+01	1.000000000000000000e+00	1.655217418420964925e+00
5.000000000000000000e+00	1.300000000000000000e+01	1.000000000000000000e+00	1.620636763891265097e+00
6.000000000000000000e+00	1.300000000000000000e+01	1.000000000000000000e+00	2.582573211966598059e+00
7.000000000000000000e+00	8.000000000000000000e+00	1.000000000000000000e+00	2.039178275246245509e+00
8.000000000000000000e+00	1.400000000000000000e+01	1.000000000000000000e+00	1.905173104111220761e+00
8.000000000000000000e+00	1.500000000000000000e+01	1.000000000000000000e+00	1.877231770829570490e+00
8.000000000000000000e+00	1.600000000000000000e+01	1.000000000000000000e+00	2.498562650544679187e+00
9.000000000000000000e+00	1.600000000000000000e+01	1.000000000000000000e+00	1.764953579967964092e+00
9.000000000000000000e+00	1.700000000000000000e+01	1.000000000000000000e+00	1.657642775787508516e+00
1.000000000000000000e+01	1.100000000000000000e+01	1.000000000000000000e+00	2.232302793797721563e+00
1.100000000000000000e+01	1.700000000000000000e+01	1.000000000000000000e+00	1.943663688967535386e+00
1.100000000000000000e+01	1.800000000000000000e+01	1.000000000000000000e+00	2.386017670226384002e+00
1.100000000000000000e+01	1.900000000000000000e+01	1.000000000000000000e+00	2.537105930078944915e+00
1.200000000000000000e+01	1.900000000000000000e+01	1.000000000000000000e+00	2.077522366831808576e+00
1.300000000000000000e+01	1.900000000000000000e+01	1.000000000000000000e+00	1.844915446059489206e+00
1.300000000000000000e+01	2.000000000000000000e+01	1.000000000000000000e+00	2.346993678481736900e+00
1.400000000000000000e+01	2.100000000000000000e+01	1.000000000000000000e+00	2.459087939491203301e+00
1.500000000000000000e+01	2.100000000000000000e+01	1.000000000000000000e+00	1.671855517759023524e+00
1.500000000000000000e+01	1.600000000000000000e+01	1.000000000000000000e+00	2.389288994959975376e+00
1.500000000000000000e+01	2.300000000000000000e+01	1.000000000000000000e+00	2.548514961549794400e+00
1.600000000000000000e+01	2.300000000000000000e+01	1.000000000000000000e+00	1.979639048978201421e+00
1.600000000000000000e+01	2.400000000000000000e+01	1.000000000000000000e+00	1.654632857154678671e+00
1.700000000000000000e+01	1.800000000000000000e+01	1.000000000000000000e+00	1.659621498406250062e+00
1.800000000000000000e+01	2.400000000000000000e+01	1.000000000000000000e+00	1.961274352443028279e+00
1.800000000000000000e+01	2.500000000000000000e+01	1.000000000000000000e+00	1.720115228808912988e+00
1.900000000000000000e+01	2.500000000000000000e+01	1.000000000000000000e+00	1.975110643123399790e+00
1.900000000000000000e+01	2.600000000000000000e+01	1.000000000000000000e+00	1.985697355351704552e+00
2.000000000000000000e+01	2.600000000000000000e+01	1.000000000000000000e+00	2.095355090516066277e+00
2.000000000000000000e+01	2.700000000000000000e+01	1.000000000000000000e+00	2.178452021406320327e+00
2.100000000000000000e+01	2.200000000000000000e+01	1.000000000000000000e+00	2.355187869335725548e+00
2.200000000000000000e+01	2.800000000000000000e+01	1.000000000000000000e+00	2.522722206379815368e+00
2.200000000000000000e+01	2.900000000000000000e+01	1.000000000000000000e+00	2.519394487786962955e+00
2.300000000000000000e+01	2.900000000000000000e+01	1.000000000000000000e+00	1.804372453069312821e+00
2.300000000000000000e+01	3.000000000000000000e+01	1.000000000000000000e+00	1.792922825351308758e+00
2.300000000000000000e+01	3.100000000000000000e+01	1.000000000000000000e+00	2.308513315257790133e+00
2.400000000000000000e+01	3.100000000000000000e+01	1.000000000000000000e+00	2.041509820377017892e+00
2.400000000000000000e+01	3.200000000000000000e+01	1.000000000000000000e+00	1.674923217235587014e+00
2.500000000000000000e+01	3.200000000000000000e+01	1.000000000000000000e+00	2.387776149696721806e+00
2.600000000000000000e+01	3.200000000000000000e+01	1.000000000000000000e+00	2.381733470930063046e+00
2.600000000000000000e+01	2.700000000000000000e+01	1.000000000000000000e+00	1.772939358921595598e+00
2.600000000000000000e+01	3.400000000000000000e+01	1.000000000000000000e+00	2.453721551675402957e+00
2.700000000000000000e+01	3.400000000000000000e+01	1.000000000000000000e+00	2.120687868641482066e+00
2.800000000000000000e+01	2.900000000000000000e+01	1.000000000000000000e+00	2.004697274298032461e+00
2.800000000000000000e+01	3.600000000000000000e+01	1.000000000000000000e+00	1.892463798666363273e+00
2.900000000000000000e+01	3.000000000000000000e+01	1.000000000000000000e+00	2.219425419246697118e+00
2.900000000000000000e+01	3.700000000000000000e+01	1.000000000000000000e+00	1.862782833447121256e+00
3.000000000000000000e+01	3.700000000000000000e+01	1.000000000000000000e+00	1.765050840732554249e+00
3.000000000000000000e+01	3.800000000000000000e+01	1.000000000000000000e+00	2.303553659661568886e+00
3.100000000000000000e+01	3.200000000000000000e+01	1.000000000000000000e+00	1.829117915484854251e+00
3.200000000000000000e+01	3.800000000000000000e+01	1.000000000000000000e+00	1.704435587297837174e+00
3.200000000000000000e+01	3.300000000000000000e+01	1.000000000000000000e+00	2.061862412387123200e+00
3.200000000000000000e+01	4.000000000000000000e+01	1.000000000000000000e+00	1.668043255253808255e+00
3.300000000000000000e+01	4.000000000000000000e+01	1.000000000000000000e+00	2.467588704210163630e+00
3.400000000000000000e+01	4.000000000000000000e+01	1.000000000000000000e+00	1.640225626236792467e+00
3.400000000000000000e+01	4.100000000000000000e+01	1.000000000000000000e+00	1.615141538594046855e+00
3.500000000000000000e+01	4.200000000000000000e+01	1.000000000000000000e+00	1.600741381732131652e+00
3.500000000000000000e+01	4.300000000000000000e+01	1.000000000000000000e+00	2.307968293857561637e+00
3.600000000000000000e+01	4.300000000000000000e+01	1.000000000000000000e+00	2.264928768905184686e+00
3.600000000000000000e+01	4.400000000000000000e+01	1.000000000000000000e+00	2.167263309716940700e+00
3.700000000000000000e+01	4.400000000000000000e+01	1.000000000000000000e+00	2.135105069876253481e+00
3.800000000000000000e+01	4.400000000000000000e+01	1.000000000000000000e+00	2.106607492980346219e+00
3.800000000000000000e+01	4.500000000000000000e+01	1.000000000000000000e+00	1.603864536649018291e+00
3.900000000000000000e+01	4.500000000000000000e+01	1.000000000000000000e+00	2.505860257343001329e+00
3.900000000000000000e+01	4.000000000000000000e+01	1.000000000000000000e+00	2.115372515862476099e+00
3.900000000000000000e+01	4.700000000000000000e+01	1.000000000000000000e+00	2.148351094817853912e+00
4.000000000000000000e+01	4.100000000000000000e+01	1.000000000000000000e+00	2.213088543613736192e+00
4.000000000000000000e+01	4.800000000000000000e+01	1.000000000000000000e+00	2.302845346740005628e+00
4.100000000000000000e+01	4.800000000000000000e+01	1.000000000000000000e+00	2.035811217840998388e+00
4.200000000000000000e+01	4.300000000000000000e+01	1.000000000000000000e+00	1.730922559558599971e+00
4.300000000000000000e+01	4.400000000000000000e+01	1.000000000000000000e+00	1.623943092469545046e+00
4.400000000000000000e+01	4.500000000000000000e+01	1.000000000000000000e+00	1.663056157422408754e+00
4.500000000000000000e+01	4.600000000000000000e+01	1.000000000000000000e+00	1.812013733430196005e+00
4.600000000000000000e+01	4.700000000000000000e+01	1.000000000000000000e+00	1.859742542133501875e+00
4.700000000000000000e+01	4.800000000000000000e+01	1.000000000000000000e+00	2.489065792189212978e+00
